Length distribution info:
--------------------------------------------------------------------------------
mean = 14547.609575559603
std = 1378.151121845402
min = 1039
max = 20272
