Length distribution info:
--------------------------------------------------------------------------------
mean = 10960.940373003164
std = 1143.1746767971038
min = 249
max = 21034
